age,monthly_usage_hours,purchase_amount,customer_service_calls,region,churn
55,48,306,1,North,1
22,46,141,0,North,1
16,9,309,6,South,1
62,43,104,5,East,1
32,45,370,1,South,0
30,15,202,3,East,1
29,39,377,3,North,0
23,51,309,3,South,1
62,20,361,8,East,0
21,15,151,7,East,1
58,34,128,2,South,0
62,29,241,6,West,0
49,22,132,2,East,1
20,45,326,4,North,1
52,49,321,7,East,0
42,40,50,3,North,1
17,19,356,1,South,1
16,48,215,7,East,0
20,25,300,8,North,1
28,58,59,1,North,1
29,54,107,0,South,1
47,54,235,10,East,1
53,8,207,8,East,1
16,19,172,0,South,1
50,57,79,1,East,0
27,7,173,3,South,0
60,56,340,2,East,1
56,25,90,6,West,1
59,30,93,7,East,0
49,22,298,7,North,1
41,9,85,3,North,1
29,18,322,6,West,0
43,41,114,0,East,1
52,50,115,2,North,1
32,25,387,6,North,0
66,18,293,0,East,1
70,46,331,6,South,1
15,36,134,4,East,1
63,30,185,7,South,1
66,46,320,4,West,1
25,34,360,6,West,0
59,14,266,8,North,1
42,21,158,10,North,0
36,13,326,7,North,0
32,20,152,2,South,1
24,52,209,3,North,1
28,40,254,4,East,0
63,39,393,3,South,0
36,21,382,0,West,1
21,52,241,9,South,0
20,42,274,8,North,0
39,32,314,0,East,0
21,42,281,5,East,0
37,30,111,0,North,0
69,28,176,0,East,0
37,19,165,9,South,1
53,13,82,7,South,0
31,37,223,8,North,1
66,36,60,8,East,1
17,10,351,2,West,0
61,53,333,0,South,1
44,8,167,8,South,1
49,60,351,1,South,1
22,12,162,2,South,0
39,14,53,1,West,0
20,45,86,9,North,0
50,15,373,1,South,0
33,55,80,10,East,1
68,48,167,3,West,0
55,32,84,6,South,0
54,43,66,1,East,1
70,9,219,9,South,0
38,29,86,3,North,0
51,29,313,9,West,0
27,43,171,9,North,1
60,34,192,0,West,0
19,38,392,9,South,1
17,21,298,1,South,1
57,40,159,6,West,1
29,60,326,10,East,1
64,5,117,9,East,1
33,48,342,9,South,0
20,51,345,8,South,1
69,12,292,5,North,1
29,48,174,4,South,1
70,39,292,3,West,0
21,53,258,10,East,1
39,22,147,5,East,1
32,54,98,3,North,0
44,46,99,4,East,1
55,26,387,6,East,1
68,12,270,2,West,0
38,23,231,10,East,1
25,32,266,10,North,0
38,15,260,4,North,1
37,34,289,7,East,1
28,5,77,5,South,1
57,51,394,1,East,0
32,51,384,0,North,0
59,21,380,7,North,0
